,0,1,2,3,4,5,6,7,8,9,10,11,12,13,14,15,16,17,18,19,20,21,22,23,24,25,26,27
0,-0.4340043025091165,-1.7552690937346727,-0.42220519169444426,-3.9676025308144864,-4.423219937344129,-3.1354940654048353,-1.1943060618649557,-2.0044608551014074,0.2467015758103921,-1.2669194426784596,-0.9416535066820206,-3.178487185489039,-2.67671980585556,-5.367649904988243,-5.729911695176999,-1.764965466015415,0.673568664957825,-0.9766865547789665,-6.717777034229284,-2.354425990518149,0.9777302699414416,-3.2556767523960577,-5.556997029080948,-5.041036278210258,-2.789468835875345,-3.0795521008422977,-2.8320231632101556,-1.0668517390181311
1,-3.021659678944151,-3.299413860313215,-1.530858152001752,-4.130928041542437,-2.8491389112809715,-2.866672960870094,-1.4524736912841765,0.12954998565615816,-1.2864798856505655,-1.4864234700579226,-1.1166475513256244,-2.417188719301878,-1.546618799744665,-1.5774557900089845,-4.075227869595073,-1.391543605977367,-1.5833821856660677,-2.115433768768476,-2.0431717144298314,-1.6411890566493463,-1.1159285350569843,-1.8760466287603819,-1.5046632462615253,-0.7203220596120619,-4.1195727364847405,-1.8554251193369298,-2.234942843510818,-1.1942604925632745
2,-0.18787921286349474,-3.898148638351614,-2.9319001533932934,-5.23405112092842,-5.524669619440743,-2.766148339097367,-2.711595251304187,1.6688853932401593,-0.23803039834798634,-1.5494303954466881,-2.9580040909505296,-1.431291774158279,-1.9472868369365952,-2.107876201888748,-7.631968207398748,-0.9584066908475264,-2.98744813091956,-0.29486504257500146,-6.823244453285044,-2.062733755655905,1.2872390429095353,-3.0394366778366586,-2.242174596716274,-7.051861262328089,-3.836719472689427,-2.614978479960012,-6.028162814279433,-2.7682771458825357
3,-1.184566248295674,-4.24630385118753,-0.9030296165124878,-4.756010963915791,-1.3052511561360207,-2.3793521547721364,-1.7524693004374083,-1.5614135669741893,-0.7649475784517881,-2.2041153817476298,-0.6561553245191973,-2.2352703379805448,-1.3377187656272038,-0.9623719202165799,-2.8355611755649335,-1.3374035885322384,-1.8629501640115205,-1.28515988102001,-2.916924239685831,-0.8385537608153966,-0.527756637765819,-1.2899706664199542,-2.2471991387949934,-2.3828502879990356,-3.58256492895089,-2.2722092649942325,-1.6745842787662235,-1.0221631944998595
4,-1.9835632772188823,-3.237989217679176,-0.8136759273424387,-4.2506740831188745,-2.4548602322764084,-2.4891652486041242,0.3379413853195805,-1.4009434820397093,-1.6308108619807227,-1.1697281007975464,-1.957690909869199,-1.5434077157986068,-1.941708314460623,-1.0651336475968822,-2.8692679939149244,-1.5525333997106272,-0.946476949628924,-1.2070585494112116,-1.0330149526368424,-0.7521614047487125,-1.3446946706839151,-1.276971081064651,-1.4219194601315726,-2.3166827418348337,-3.2195479491909915,-1.046232859139595,-0.6207272394862847,-0.9288296230669775
5,-1.8475076715547978,-2.6899172521400523,-2.717937307276032,-3.0337920003120344,-1.2364696740441152,-1.5938235138482515,-2.0980989384173268,-1.9068387869291115,-1.1194303019016845,-1.7767521067833574,-0.19997833071291438,-1.9022355951640564,-1.9629936045126137,-1.8563057718173561,-4.026845597845802,-0.4566196339981299,-0.8368348033994282,-0.1447845043540087,-1.1968040238845836,-0.0035764914010631976,-2.04680438842073,-2.6360866164130092,-2.0047760300160524,-1.9194048274321487,-4.396369449567169,-2.6084128526845323,-2.2054973546507437,-1.398977506445852
6,-1.561932748775854,-9.418460773445707,-3.165126626297493,-7.4957101944981,0.08846971122542202,-3.0894736875494586,-3.524618114577085,-0.030395832123401467,-0.7394402108802396,-1.2872761776654884,-0.4387265900502032,-2.3952985044278003,-1.3585872915111112,-6.318665784260759,-4.562925024980584,-2.1882796716005313,-2.6799931536235446,-1.3466936042918056,0.7199884314060454,-1.8035135314439352,-3.089730568481926,-2.5451009739916097,-7.139275282298591,-4.516922195893836,-1.5381158707831672,-3.2859946363931494,-3.957200162413578,-1.63277144777259
7,0.22546634465261883,-3.9522339961681583,-2.9229516225415093,-5.189593336881012,-3.0580376934013103,-3.070194661410487,-3.5400352955129297,-0.970379797802881,-1.3227965995493727,-1.0040831250756328,-1.8564343866420268,-2.994676630634552,-1.0688163020670258,-3.4713734168631065,-5.804463144461758,-3.226291522808117,-2.2197474178858725,-3.514914902120037,-2.487580351106368,3.0461199420937546,-1.538001567029434,-3.760542567241033,-4.906053905687644,-3.048396793527773,-4.882733371022357,-1.111450539108829,-2.3201866436824896,0.025163768771057082
8,-2.4262519524086397,-3.155094367262171,-1.3509722503317545,-3.3951296337089083,-3.3106351581068325,-1.38881714781559,-1.6062603686502481,0.14497032381346986,-1.4573104715000618,-1.8639666871763514,-0.2739588778977138,-1.92092465654569,-2.250536257749432,-1.7116211432898698,-2.7498619312390318,-1.945847425063957,-1.2485927643157415,-0.16854429230205326,-1.6892528780293583,-2.671189163447585,-0.6512335906303021,-2.019324915235091,-2.268794592411873,-1.0052458519435188,-4.3441960530399655,-2.0297890110558274,-3.0920010320754847,-1.7732283482320905
9,-1.9786921552248202,-7.220315695720939,-5.025207261842175,-4.504482937524657,-3.9290663202811142,-5.56843672581728,-0.17591300076748473,0.4789887161761226,-3.095606690270676,-1.0541305474467908,-1.8037556995398012,-3.088655128111478,-0.26000497387879884,-3.2795190926296596,-2.853453227901398,1.4501261085972066,-0.05494781043349839,-0.9963011881519249,-3.8032243827463477,-0.12722571587705378,-0.69576928448567,-3.3213268422007807,-5.844668470685604,-4.437503466015973,-6.951573682339677,-3.6246000825165128,-3.6936201826934405,-0.8575088228940799
10,-0.9038320355189411,-3.5283330947533145,-1.7817652226056497,-4.511805119669322,-1.6390925908399194,-1.764043964320165,-2.1794231833381463,-2.361505422794072,-1.8402323110818257,-0.5361882047667952,-0.590964485555201,-0.6129790478743443,-1.3130635046544088,-1.8863336791587924,-3.716983564983411,-1.0195504262178237,-1.7399729016942198,-0.4722651300070976,-2.676520775222285,-1.3152447443429947,-2.8240346230080497,-2.0075244324106936,-1.9020774330026646,-1.2182967148868304,-3.367881504079889,-2.1996736376964217,-0.6630950413925211,-0.10559711183914122
11,-2.87630267165538,-3.175989781506688,-2.0512560870995027,-5.595819281101524,-2.9447132527166797,-1.1591254736422139,-1.2134208582813966,-1.3967202929829474,-3.2135621660267386,-2.423028170085952,-2.015782518153857,-1.6082100151053709,-0.84331751447705,-2.137437529808229,-6.078585318884695,-2.908709999073719,-0.5506257241675007,0.5363780048944093,-5.026393527548883,-0.8182148425297968,-1.2258664197329288,-2.144031981387031,-3.5363004605679436,-4.0988614317088725,-5.300381324035307,-1.8616235796703906,-2.2822482823226746,-0.12566272665127076
12,-1.2238057671015672,-2.2866108344499745,-3.121883954430792,-5.215057031641923,-1.1195571039509677,-2.4305780959421988,0.08144387809651432,-1.0351744363179618,-2.3604577942422247,-0.5921856961034371,-1.0812206737531473,-2.047797555812405,-2.6332484967796534,-2.4447425000359115,-4.51403898436093,-1.4426010639120619,-1.9149889296532658,-1.368109722716526,-1.5679535877061697,-1.641847373948524,-2.2019374833503385,-2.967048050065272,-1.5759017965897577,-1.9634469357799693,-2.8748369341312547,-1.0276289225249857,-2.869157012450385,-1.6633035093463864
13,-0.3189915099827363,-2.2873666357264284,-1.4635034595791345,-4.62127975565663,-2.2750548096739442,-1.459195967360361,-1.2827837024214221,-0.5350309419046351,-1.9526560253314984,-1.2301358987159707,-0.7803368698259233,-0.2421466963554577,-0.2937623855881559,-1.529378937795032,-2.6360220067911104,-0.20619790380617875,-1.8237805520601147,-0.634850953723564,-2.1945106561771883,-1.4504951112038724,-3.1008790986768577,-1.0662136333096286,-2.0309639778877173,-1.990514716894751,-3.928557260409468,-2.2669057298604147,-0.7826928205271894,0.34704783974260134
14,-0.35346914421042963,-3.257401842117709,-1.2898955714193099,-3.6404980668215314,-2.1759816384803936,-2.185722433759586,-1.3696271025772235,-0.9472470824986226,-0.25073361310125053,-1.522548848706638,-0.042226647962927744,-0.8292857381359601,-2.0045081948931767,-0.11758508905699849,-1.9169393928525231,-1.7237054712306117,-1.781888946389723,-0.2903462357907598,-3.5606281742892403,-0.6144154126128931,-0.8211211323961033,-1.6531729683718965,-1.8168479665585981,-2.6348659194129556,-3.917075662984266,-0.4412511432189894,-1.0888693360920856,-1.3951343630260566
15,-0.5194059872585808,-4.244837354119875,-2.6266988019183426,-4.199614141004812,-1.435878451983831,-2.401027133280041,-1.4221769423652975,-0.7330114252791115,-1.0758035761999392,-0.8774271557493482,-1.3451258356867557,-1.3409910253295716,-2.3121746604050912,-1.516133572272331,-4.651970096427464,-2.8180450572410765,-0.15974527251769954,-1.0661354130710106,-2.8998419223635454,-1.64009118155299,-0.4249686400667376,-2.322063719333534,-1.673773236404228,-2.212773420178681,-3.6013158953380744,-0.9789526812329643,-1.4421482798723277,-0.8759462298809173
16,-2.187320721708231,-4.092606290880638,-3.729834084714123,-2.903446473850467,-1.8643512208456559,-3.1990166288362927,-2.6495819940914775,0.7820804140584894,-1.8910345658263812,-1.96218659732994,-0.9101597899717765,-1.7695876689488867,-2.9127658823559828,-3.5553413035518227,-5.171384901121667,-2.6681192090418264,-1.1775121722848014,-2.467982890641594,-2.6731338536976677,-3.396635727013838,-2.8220104589444963,-2.08812675926305,-6.331831502344566,-3.8745372366919217,-4.1658568748163525,-0.5401639556999749,-3.1681273537344974,0.195346979132637
17,-2.317790333209149,-2.64624336684409,-1.6878882852822594,-2.961909272851554,-2.1743199020865096,-2.165308737179722,-0.4955451923326821,-0.7467236327157636,-2.245780272498413,-1.5325244386356784,-0.583901294648487,-2.6254892557399354,-1.909576397916751,-2.653001871840888,-3.4047817614243803,-2.93389993276789,-1.7765662101398552,-1.768105654148628,-3.1669854382321745,0.15999501413039252,-0.6662000068833717,-1.7140813182457157,-1.20610291060836,-1.8125847621323292,-3.7703309421764586,-0.8425149671981141,-1.8926381115123467,-1.403343289527742
18,-4.955934291057376,-3.612079001407814,-1.53791024708773,-3.3250024900804735,-2.0958820476539914,-4.739312652852792,-0.801688734973655,-0.16465417396281323,-3.07717885838771,-1.4194645833995974,-1.6692335876768638,-4.010727642322176,-2.4010633757166238,-1.995443006364997,-5.14153382330707,-0.9571456284043357,1.090265555350068,-0.5615423747153955,-3.1251668996875637,-2.4683176595020138,0.5952685360789067,-0.6331849652209769,-2.864649517129658,-4.004812213998835,-6.728697018525571,-1.993652204691011,-2.7188104796809767,1.9205854841739765
19,-2.196417891546338,-2.71612320824014,-1.9942674859326006,-4.787183111000078,-1.8090525675109104,-2.47491813485637,-1.3386867222581222,-1.6182975802704882,-1.549050084948646,-0.9838392621107785,-0.0463856244032822,-1.10112245419385,-1.6862268054653904,-2.2920205660544903,-4.130383419668842,-1.256350517573285,-2.3310051779363397,-0.7285786220123713,-1.9263351030346125,-2.213231466606169,-1.836150118606929,-2.4705887166604334,-1.7190165549700511,-1.568253238984755,-4.056371672506941,-0.3719816745916449,-0.4984287932912974,-2.41561669097332
20,-4.224342215615493,-5.213394250966783,-3.562684767462497,-4.773435358793859,-1.926992357778066,-1.586810536793004,-1.8240123313389789,0.2868699850437171,-1.8934772799572848,-0.6246763451485097,-0.1056729245606578,-4.373597312286352,-2.2958124760074203,-2.766500181782322,-3.695801151269115,-1.5953118908601682,-1.110088919237099,-1.2963442510493755,-4.985339146333091,1.1848842129756898,-1.1243491650971615,-0.16066067531478323,-4.621764369100292,-3.5288647115761167,-6.878774159694024,-0.26721595604418624,-2.7287396946108666,-0.5630280050393497
21,-8.151758543149347,-6.673978149391832,-0.45758604133134195,-3.5926990718320564,-4.913780464947136,-1.7750484431464946,-2.3080908776125213,-1.0351942763159971,-2.553902648818582,-3.566343411748945,-1.5892053456325574,-1.1552791077773847,-2.3711272282607045,-0.36556421952675855,-3.297820622762161,-1.398893844980266,-0.563413946021994,-1.5441135598295308,-3.4895436084387454,-0.24017296478196748,-0.9705187460109223,-3.654546786404309,-4.179999723451086,-2.4737168942612886,-3.545392283584083,-3.8820143922379327,-0.2149385515126303,-3.9638258196140397
22,-3.959208397334958,-3.501744814903206,-5.73947687959884,-8.63744907108865,-4.305731455755682,-1.9266104201368437,-2.1092217016429298,0.6477363269678862,-3.4620234492955237,0.4740535324124535,-1.9740642362639156,-1.5453197592996777,-4.061501953812259,-5.150708986574032,-5.3291556365691335,-2.7717828813641816,-2.667806380023488,-2.482272960874366,-2.345267815974359,-1.5844181523336245,-4.685812912393745,-5.144180757313912,-3.224499051782396,-2.5554190525607985,-3.0121789892556277,-4.280093327967069,-2.298508488199765,-2.0198706883906223
23,-2.2345577932954237,-3.6158179565892894,-2.212932475173941,-3.7262842805152214,-1.2602755571294584,-2.5733715035860274,-2.145945803930279,-0.4556360081808911,-1.2892531714211888,-1.2406880187517055,-0.2675709896184566,-1.5313264020823458,-2.444392141779112,-2.9328567152578815,-3.217927188577615,-0.5093980879628943,-2.583171426388373,-1.2117232883820512,-0.9131901049368534,-1.8967276317498816,-0.8282013795335113,-0.8124976456016674,-2.8337189841372763,-1.8115290085628577,-4.375009777953611,-1.6230604837717189,-1.4701372817584957,-3.248850788862262
24,-1.789566406285464,-2.9867500268595006,-2.4076858086530257,-4.115089173150183,-2.6116832371061602,-1.5182797353247923,-1.6260375060069843,-1.0319675355903888,-1.123850889829851,-1.2436507270170094,0.3434361818017546,-3.686619963746294,-2.15412899495157,-2.679572409422321,-3.9957442612003806,-1.4864570325341149,-0.3422639966915765,-1.1994924677166008,-0.9948503495517769,-1.7177308260235447,-1.2412087044169255,-1.7726750000126967,-3.6251312025663127,-2.184896812970126,-2.521532660428226,-1.1787474664718882,-1.305335065444533,-2.3498806000130736
25,-2.1169310098425274,-2.724090550653394,-1.6609377229399342,-4.7028259305282285,-3.322330887144079,-1.7625708501171173,-0.8831637782765365,-0.944079558896988,-1.070094433625694,-1.3930338586797366,-0.3168246929386078,-1.3539844504261038,-2.5156957252425487,-2.7163533459965734,-4.0470316593768265,-0.5948609559643373,-1.3763907764109455,-1.2926263350360823,-0.738404010621361,-2.007926901676635,-0.0845985760774024,-1.8063169929933518,-1.0249487817896301,-2.2736757602258297,-3.5889409259261336,-2.0223679542623105,-1.9885562939752188,-1.5606766094511022
26,0.28539646814073594,-8.182992555082297,-4.744201640120026,-3.7438701990487093,-2.8126730605196846,-3.396387570907957,-1.9579648719485823,-1.436706436645444,-4.129802924311393,-4.808357149803518,-3.224643113808914,-4.046669704836816,-0.9723927697546144,-2.292169944998326,-4.875867884229785,-0.7887841307151748,-1.651317500891397,-0.8835260001328461,-3.3932973379654774,-0.9296242487049986,-2.1076349895275754,-1.924100613818308,-5.388545664991022,-5.708579856249986,-4.496883642138637,-2.5338456263435694,-1.0962571880919398,-1.9543434896511358
27,-2.232460376117021,-3.3390464898332843,-1.08032332287204,-4.100077863391222,-1.2711101017567226,-2.6531113905596064,-1.8270570776400972,-0.8280555078825073,-0.9848099547973882,-0.1998757334220821,-0.8534456953821818,-2.2652415014228593,-0.6831208683146976,-3.7191781139044076,-4.666316170361654,-0.8887178928163971,-1.7950011703380766,-1.6521451262216906,-1.7718915439393217,-0.9905725491627067,-0.692599890869299,-0.6409567982346525,-2.2268561039547015,-2.273709169929013,-2.45709142005668,-1.9381640816922499,-0.8180615510955161,-0.08518535573261277
28,-2.285715931196611,0.25922989890824066,-2.2238604720952004,-4.777902498074734,-4.7086158567518455,-0.9528750006841062,-3.3229808475139317,-3.1212942519975586,-0.38619722553719527,-0.7050439542789634,2.1191746756265535,1.205306874599692,-3.6784247874551284,-1.930079880721643,-4.935746980210003,-0.6089623779101077,-3.5329016708832013,-0.9574003984514001,-3.771057986817291,-1.9361295008009405,-1.3410446958719016,-2.6694526126462326,-4.39176020058013,-5.456643843017389,-2.0078775127246598,-4.111292964695956,-6.890279377499087,-0.1711512139153022
29,-5.495446891598066,-2.5446368349655195,-0.04090306163966462,-3.729568643504593,-2.3444008831109606,-3.8702481122406898,-4.026777157490357,2.006465534533617,-4.275662621659502,-0.9039539094997013,-5.356050187392804,-2.9097501859250965,-1.7452783593921937,-3.5200307011622414,-3.1402377959663363,-3.4499363469008517,-0.6586191109509695,-1.947126987750885,-1.863767518957844,-0.3373594106242368,-1.1020296993730305,-4.49112771976102,-4.802866730974546,-3.2628654640271133,-4.392778768397297,-0.34331456053078213,-2.0511461479533035,-3.3721680125044076
30,-2.232495388929541,-1.3469601538697535,-4.545241675940966,-3.6503148566568546,-2.595233665975585,-4.820001552309762,-0.1706462074203423,-0.810316602759416,-3.815142431956025,0.9165628311940461,0.5075365603137479,-2.817013749050195,-1.6940385976017538,-4.108267815790161,-6.5018508513088,-3.3559422541083546,-0.054551395109186274,-1.8467608982477075,-5.916068074439774,-0.3515546484930546,1.0785488078145533,-2.082045045273391,-5.117469009093824,-2.9403276649473824,-4.289334611382852,-1.0697458403975013,-1.9932737593196803,-0.7866281764914821
31,0.6027817654353393,-3.5887305741677564,0.5001235750476511,-4.114177345328644,-3.4418613394634585,-6.75614832580335,-2.418680241047136,1.382917115959651,-3.2031289596381525,-3.5147673573393607,-3.408182839857648,-1.2829755310008255,-4.623605935469158,-2.2848688203882217,-5.931421787975131,-0.43681015398561307,-3.150064429095547,-2.7300894852074546,-3.9597882523447243,-2.303906036027094,-2.54734913526765,-3.4958623590362707,-4.161070759846458,-3.5530228743736547,-5.617838285151231,-0.865472030426309,-1.7348881318061666,1.3440068541237262
32,-2.397776880150958,-3.4581253654189927,-1.838695094322913,-4.068292404990166,-2.096862003846689,-2.541995558653205,-0.2670476274849709,-0.669060910217627,-1.6712185570017801,-2.124241566609531,-0.8433676151560977,-1.3614472099178572,-1.2914818267044161,-2.137928454779755,-3.949194588318859,-2.0300263862970684,-1.0988845168703005,-0.9760367269470996,-3.2117367711889697,-0.7473794117320557,-0.3888194850211698,-1.840810645658192,-3.1815353900252408,-1.1039111933284516,-3.052805672017262,-2.090769075918297,-0.7233685500452663,-2.7982567421971005
33,-3.6238881293737957,-4.690256920144291,-0.05817854256891497,-4.076810473963072,-4.322144433841214,-2.9968003219543586,-2.1215443911752034,-1.4239794548919535,-5.134156904839726,-3.481960718163858,-2.949557934099375,-1.0695218778661446,-1.4922248940816338,-1.9514433755319018,-5.4645459766169395,0.14324499664474688,-1.7826154989258272,-1.2731201374802503,-5.408857522045116,-0.027888354709647345,-3.1632410656131844,-0.9862377632368675,-6.9119171079988,-3.8621924169063284,-4.605382918114049,-1.380031378103421,-4.023844944518287,2.1357027501493513
34,-2.4177345639789967,-6.263630423292084,-3.8871611527681003,-4.71271945205447,-2.219055072030316,-3.3719902477345447,-2.6639351854888758,-1.8971534126157756,-2.203963512236842,-3.8638338154727245,-0.8367162206045412,-0.9410825884426184,-0.1223465134324786,-3.4511848887083376,-3.825137370565895,-2.7615357984497706,-2.4435519559146104,-1.364698708123775,-4.822613002630315,1.3482034674709085,-3.162948016767947,-1.8226532934670685,-5.216469611194484,-4.631955588856031,-3.931010391431519,-2.5158086502670827,-2.2652956724683433,-0.2887581718007901
35,-2.017986039515415,-2.294700784614852,-2.493810174981048,-3.703721487294245,-3.0716274897184266,-2.3601518894783315,-1.2602218410621946,-0.3819540782271872,-0.810363549236511,-0.829350053639308,-0.4092348351630014,-0.9677502028293178,-2.358171127046083,-1.692924211037251,-3.7578610515319224,-1.516021331969767,-0.22641027506873612,-1.9005935232908895,-2.395236237260469,-1.36970077972697,-1.4518505265516322,-2.0715381190633257,-1.9056489897700164,-1.9655031128370481,-3.1517194470099397,-1.597165004267467,-1.6676767647458586,-1.2170245372371473
36,-1.818789884990164,-3.5822635462295076,-2.795511296136233,-3.7901950339037613,-2.4943836702469087,-1.6490551735728534,-2.0256866350338725,-0.6764667862057,-2.5182464154179605,-2.9708718240146,-1.7151424767187753,-2.592356750640071,-1.3389023294803328,-1.1315247861312603,-3.5724240517348522,-1.369788365351847,-0.9585332248425539,-1.8252581991264347,-1.7822345433445703,-1.2836039296999189,0.16281371800542144,-1.4288247503826235,-2.1855082543668205,-1.050055892838384,-2.4316938214959376,-0.8055150419534319,-1.6572315447386081,-0.8000070449120652
37,-1.054887151485278,-4.948498644149021,-0.93136918060608,-5.15897875404749,-3.7061771622874367,-5.404714575235647,-0.7583701211825113,-0.5603293572743664,-4.613782689858011,-2.231984790636403,0.44303822239935153,-2.1849452332854096,-2.5466529207146813,-4.414273891364068,-5.342587479793489,-2.244686145413687,-2.7959417625207594,-1.683324131716178,-5.266936731624119,-1.8744560035160092,-1.038474750860196,-3.286325593584636,-2.8627397641454184,-5.362622510321226,-3.265272233063267,0.02208091209138452,-2.658801805035722,-2.228156600611925
38,-1.8880787043082703,-4.421988975863279,-2.4377056928730054,-5.32946700349819,-3.7098850581767158,-4.024766665790862,-4.212975741287354,-0.13807511852938736,-3.457678068081623,-2.4651710761836556,-3.4947499480040034,-1.1265976088299718,-3.6665140242440666,-3.6169798868361163,-5.131829481719959,-1.0323071770545031,2.0143041220421516,1.9841436318930388,-1.3743147625905774,0.4874243438334436,-1.57803613875176,-4.084874110423358,-5.615130294890852,-3.6648860000136088,-4.03328771620879,-1.3053006504561144,-1.2070527334707315,-5.411861035947446
39,-2.7650428321243092,-2.372685930067136,-2.604920962252091,-3.1642657161197683,-1.7315668138276732,-2.487069356006124,-1.9107035054333221,-1.3333960596301035,-0.6787248625112638,-1.7353634578556199,-0.8311887772317473,-1.8905694126105532,-2.9038056734927737,-1.91100299777299,-3.022337565806946,-0.6741755159906786,-1.5699315663038396,-0.9131913549945818,-2.183676723105754,-2.002652747974809,-2.392265095396144,-2.3879951218164246,-2.490484718146381,-2.1922734116162865,-3.4342015609663714,-2.168400714667845,-3.0709780479403177,-1.5906995679760465
40,-1.8992180107519487,-2.998008310274286,-1.3933615064625762,-3.747486800415982,-2.0498567464344974,-2.7071824017813477,-2.4421045662704044,-1.3353024870567523,-1.4719502701486569,-2.212162438504501,-0.44907692176066194,-2.0794897424790357,-1.8110903756415837,-0.7379950581719066,-4.555905170815974,-0.2926290519205156,-1.5879836967798047,-0.9009533786375978,-1.1970248556251502,-0.4748187011434105,-1.1863286604212187,-2.3370080333516987,-1.9973709942982918,-1.646742813591532,-2.3804209028016747,-1.8887562826656263,-1.440719973571356,-1.1883495128530974
41,-2.718436903963305,-3.11296407963261,-2.018885870789404,-4.408279264404616,-2.205434092894854,-1.6987495865821138,-1.0283236451151958,-0.4920469815235009,-2.032884477804859,-0.7223158405697714,-0.5104642939920045,-2.26466793692688,-2.137613950654759,-2.450548126031477,-5.513623694177333,-1.1053624832294382,-2.097090334678553,-3.152576108672071,-1.6771034269482161,-0.6345757954100965,-1.4612740901931256,-0.9703760312680181,-1.7878184526754488,-3.1817170321396793,-2.6149851320758963,-1.0797208828488603,-1.5496563503308882,-0.9929579204089072
42,-2.16970082176006,-4.159902382689003,-1.8035375596646104,-4.875759614769648,-2.4380675897089716,-3.6919419091960033,-1.3436162482952263,-0.5027316801511608,-1.8358433625231485,-1.7723361036459613,-1.3734142619301273,-0.01789473614830306,-2.700035955726692,-2.408866381053929,-4.228023984251523,0.2560395568442837,-0.8420758463497047,-1.3192191028640177,-1.271248256442176,-0.3289920993718115,-1.5339766643456223,-1.0657475062167734,-2.6335195210334574,-1.3853654260874118,-3.2574045905794797,-1.700594302286354,-2.8843282688578245,-1.2566606438200623
43,-0.035717567260645566,-4.3592478990886985,-3.1229827109700716,-5.491669608551992,-2.7678887772755254,-2.2407993855273034,-2.5059604243223963,-0.025023315540431468,-2.4816286045231677,0.5525725726351294,-2.942454016929374,-2.8093246322707,-3.0394525650477844,-4.361865144245902,-6.3909202983502285,0.541056710662059,-0.226332685608307,-1.462908733636975,-5.25780340970053,-2.4092664139902222,-0.24296890273955696,1.1855550500319336,-5.24452282872206,-6.140762479704857,-3.666425858986535,-1.7964482624152505,-3.0386431668338347,-1.768917967355797
44,-3.2179554967121806,-3.3657336320715565,-0.5278513122820729,-2.407087246036655,-1.839578454723524,-1.5948638457128803,-3.518587525098205,-0.6508405944843276,-2.2256769575751587,-0.8321433497384789,-1.7567428126128348,-1.9424684281398634,-0.7933682808701854,-2.9526027061579363,-4.357018368840986,-1.2959494770331974,-1.916414067564808,-0.510112047945747,-2.247489930989362,0.2834652341464041,-0.8007743164591316,-1.105129410180505,-4.2270622411231615,-2.384165291385,-1.5758708764521423,-1.4843371287398477,-1.3715391732218798,-1.7249039347788153
45,-2.236889790099466,-5.6871007872735495,-0.36017145262117367,-4.357994989533801,-2.2358235596973453,-8.366842333290016,-4.36116780600149,-2.3808553891883735,-2.8087898839746726,0.44835852426688083,-2.44287854171868,-1.8095216836660641,-1.7986897335188132,-2.949612087679445,-2.4685600348649683,-1.5668202396026116,0.6230530460450208,-3.0360294190739427,-5.355956487659832,-0.6984010191413724,0.2260693529160791,-3.618200227402015,-2.885608710548724,-4.3742478131098865,-4.013883743082895,-2.5623222670071484,-1.035232054686153,0.5273353828738274
46,-2.293464907696442,-1.797673324260638,-1.6683235293034988,-3.216071002422259,-1.5039637403146868,-2.5084377206344977,-1.5882462535246475,-2.544023344589303,-1.0933644899610426,-1.7862861115527178,-1.527689959328209,-2.448049925332559,-1.1090454715465556,-1.0743944360804512,-3.4028545117436773,-2.4293885893713725,-2.719661263351102,-2.18294205801653,-2.9619118376250455,-0.9410717513760087,-0.7596258499578279,-2.053774934161152,-2.9919892527613965,-3.0929798113198084,-4.323134592603079,-0.2300217955154138,-0.7703636519141528,-0.8361072244828633
47,-1.488785224915059,-3.1453269896961964,-1.4501337707384603,-3.1748650690305773,-2.167689278472228,-3.2765904605750324,-1.8357189532204226,-1.2919016359949895,-2.121707233926879,-0.6570801674844509,-1.4265920214855417,-1.422474479812742,-1.554461884836083,-2.427086832073777,-3.5542272539554656,-1.1089971992028196,-0.6850730851202971,-2.277565938643902,-1.2202200035413844,-0.27184682639828994,-0.48391060245931294,-1.0549483200558987,-1.8734750718486237,-3.4339202918690734,-2.7214131749793733,-3.1658183742094326,-0.9301865473063643,-0.104504505209842
48,-2.16932024108707,-2.8219986173572336,-2.6824360940814502,-5.399465442081537,-1.7147364253679387,-2.501993118812624,-0.6627051572994227,-1.364211864666981,-1.3223948477646983,-1.291315989090925,-0.22621236067790718,-2.36243053135788,-2.481481487836656,-2.0002387975290183,-2.7755601941927464,-3.1837846209560245,-1.6549313972034558,-1.904673357629032,-1.5301986418516165,-1.7868220735723266,-1.2039739801152842,-1.9924778283662588,-2.6513669012825636,-2.177401139931548,-3.510446561892952,-1.3900949675226542,-0.3805031815032389,-1.087659161534795
49,-1.2147376504253522,-3.0593812318674516,-0.5511642433153521,-5.328909748886445,-1.7905037530556185,-2.821588823477133,-1.1821065088173048,-1.5733217758882252,-1.4983895833445187,-0.4730509136246155,-2.5270771065394944,-0.4487697899640759,-1.742235190144844,-1.84172207707564,-3.542215642614282,-1.1434810673560396,-0.8726499167700632,-1.577570995596758,-2.1394874681096305,-1.0755892010661532,-1.3351792273260676,-1.942538422467113,-2.6028247751685303,-1.6812612157049944,-3.5273802053667254,-0.8170421439132569,-1.3380367040178414,-2.616411112026749
50,-2.359189902421954,-6.6865909702787985,-0.9742020605027273,-5.444503425591972,-2.2183589230549394,-5.122027239969395,-3.5822567284522355,0.8051054750445954,-6.804697040825756,-3.5904619844000667,-2.849264355242186,-6.216871301961246,-6.851312905867285,-3.874251264813783,-2.899420996860459,1.33488088385342,-1.932145235573063,-1.4021972777500793,-3.225564468982459,-2.4999121361810177,-1.919904213113649,-4.290137356065758,-2.9237080017735515,-2.832455486830956,-5.760042744676515,-3.6292736600226125,-2.4020131106553677,-2.224011008526775
51,-1.8755550603269,-4.37986454035189,-4.222259464335454,-4.5873701086327,-5.138025452042533,-2.5873716561955162,-3.691601696921233,-0.42101999669180834,-3.6457844025284416,0.016978319400182684,-2.850826502828263,-3.259211203243626,-0.7205117167641111,-4.211454665848502,-8.046851448394884,-2.7746172420061566,-1.724543255489052,-3.441348408459862,-4.294373957788598,-0.2558637741784895,0.32176264840856006,-0.699128351605796,-4.4730356931196775,-2.263774114860588,-6.6557822218774865,-1.301530374684568,-4.911822623709481,-2.315650781809958
52,-0.2729735560809916,-9.595276477338967,-4.18251614200692,-7.2750274286555765,-3.552797402937657,-4.657690358457428,-0.3115505794749889,1.0490697079198876,-3.786122262881662,0.5404502806779423,1.7042211090131119,-0.45085443191692764,-1.7660009846636875,-3.3234108108430123,-7.37293466451966,-2.950735604057293,-1.0451447435177974,-0.9346279372405676,-0.6959002785477342,-1.6020909543493729,-0.41004216838884533,-4.542814911829855,-4.690412751970227,-3.787272765449672,-0.7717284150202945,-3.8118227873308745,0.3126965564785893,-0.45557307020266713
53,0.02068269610682627,-4.230676462574708,0.568020806055745,-6.012951804423773,-5.306350299647858,-2.9505321271047724,-2.264218709204078,-1.6058259916206845,-0.2315049131992537,0.9670365839329047,-2.1974906969386256,-3.351851449216751,-3.4470283867502167,-6.401508666684279,-6.137025125914869,0.2905157072058475,-0.8699681327932037,-1.0788534097127984,-1.3308893803249764,-3.618393913693312,-3.222461619277733,-2.4858976847987235,-1.881032238631656,-7.154244813078833,-4.445426612609693,-0.8012570823287957,-4.3380126168582365,-0.8432701827181427
54,-0.7451776614544712,-3.6577675928660636,-3.825736362002681,-8.201604479518362,-2.819541765086104,-5.234985562940674,1.1062154626451464,-2.3991358469226376,-3.623609559902053,-0.3545023170654258,-0.9166496416219794,-1.5751705428100298,-2.4768238978061294,-0.9581416053866025,-6.65453016447614,0.2916017751835207,-2.5623352567662634,-1.4906420251338892,-2.8534184482018294,-1.0664599958959853,0.35730674515660454,-1.5800879159644645,-7.791330378519055,-4.468001983308192,-4.994891664645727,0.7916639106118106,-3.611909584839032,-1.8009045062820652
55,-2.280546072103924,-2.4710279574083223,-3.0651704311049626,-5.614091767655585,-2.3838741743402,-1.8766345983092687,-0.8177200345640295,-0.6526104836894789,-1.0038130653869173,-0.5368491673304903,-0.3919025647698189,-0.9384234191477206,-1.4321195727875247,-1.554572127838127,-4.262481827752057,-2.199901048651071,-0.9485828724186027,-1.2586287051779605,-1.4374256202850249,-0.9435200886472441,-1.015856297722948,-1.9127909972851909,-1.2959803026779348,-3.4495554219660223,-3.4536092399465197,-0.5692356036324931,-2.7912063776409237,-1.1625157468979102
56,-1.479041864473375,-3.0180581232812154,-2.016158322410673,-4.089612714677443,-1.3423696661230888,-1.9235781090288269,-1.5006241645125276,0.785947194595064,-2.199312829211931,-2.307187489659589,-0.8960481614453543,-2.2215907059710185,-2.192131326511558,-1.7862928693982605,-5.622908138355199,-0.5081984751278122,-1.9746032638975162,-0.5472075003888301,-1.4210740912415267,-0.4458974302909613,-1.8397501967897811,-1.685867939911297,-1.7167730313998808,-2.822866725028347,-3.0867305237000995,-2.8092910118978165,-2.830285468165299,-2.0437485775236204
57,-2.247602659800847,-3.414951602175142,1.4599700237436752,-5.007842962759147,-2.324407111659711,-0.7217812882969121,-3.8229943610409953,-1.2585395885347008,-2.0269858130532237,-0.53894277606446,2.4517382903947933,0.9251068561750828,-1.9158965354956126,-3.839850480897939,-7.095753841278239,-1.885631754419674,-2.4301455716309195,-1.6767591837364724,-4.1361918791731025,-3.375166688589363,-0.5273065417993696,-3.2314921914570114,-6.069871243696611,-5.560005284238697,-2.8656213903286614,-2.5466978414169383,-1.4096517291494814,-3.8377131902219848
58,-1.638167673649253,-2.372053721575464,-1.7462671496979296,-4.746385631022213,-3.262912142142193,-2.86278061080305,-1.0788260361454696,-0.6533558657349092,-2.441803079171472,-0.8467609359327222,-1.8207202881328777,-2.028191312563056,-0.3862639214542978,-1.7790205749375507,-4.534270500539296,-2.1513947278967844,-1.3176593737735023,-3.141040528910236,-3.081634988349501,-0.29321358838214706,-1.5749123684326116,-2.268505732782339,-1.788196742445126,-2.823804966866913,-3.9631451310224417,-2.206727763627898,-0.48475390438676125,-2.1704214737153644
59,-1.0814599244826495,-2.168312222882715,-1.8286088916973282,-5.599972650140863,-1.577879147040709,-2.0523753627844186,-1.6131678772342897,-0.07942273805779199,-2.1018216352891645,-1.0466171114275533,-2.1002115943710917,-2.0232883685897844,-1.3424226543621391,-2.0926169877295373,-4.449929344835072,-1.3927766339874958,-2.1043760888790266,-1.8365207514479156,-2.970132062345643,-1.7349311295163565,-2.0578291318959376,-2.9207173482567814,-1.448469505473361,-1.2067647168538667,-4.081618095334395,-1.2816358356526798,-0.9175384133819146,-0.8121836318147139
60,-0.7995697940636064,-2.915357243391658,-2.0968545728278203,-6.078393939175648,-4.0875362170332465,-2.8803447452307385,-2.9459826555427004,-0.23025266252145615,-2.406835035920018,-1.7615960327358824,0.3279809628707703,-2.5122111311339737,-2.0386444076076273,-4.363415559377421,-3.627721042377948,-1.9937118368608628,-1.177239116896276,-4.098597825086955,-6.3881118618368316,-2.1374501347016595,0.026483185037287083,-0.8770023052446323,-7.344816473174296,-4.863484166571237,-4.880341161632664,-5.523241764765632,-4.389810930170944,-4.070818788476116
61,-2.715763104412183,-5.607752431893554,-2.8288664138960864,-2.2445795693595114,-2.1592573090185962,-2.751839975541205,-2.6340876882932833,0.034572093211330035,-4.664236347554438,-1.2075925545950446,-2.7089418383840687,0.27105154302146595,-3.083462328155412,-3.3199424328380425,-5.12687733486042,-1.3459885721762286,-3.563417596335264,-4.117518062119699,-3.332154791884287,-2.040034938464665,-3.8336555215129637,-1.3944801838658052,-8.06583189954785,-5.807523114009095,-5.209757218190784,-3.1153404304366674,-3.6813138330220436,-2.3269325113895825
62,-1.7011947100721827,-5.380615772420783,-0.45529854869037534,-5.7324821991223915,-2.0447701940739886,-5.791269482980273,0.24027214442292433,-2.302744434640039,-0.665323786656552,0.9208790824204207,-3.628271810738966,-0.8572425590593888,-2.9658288368127366,-0.28342669846946666,-3.5100289499619124,2.256990957376199,-0.2284909229779335,-1.8671035513610865,-3.2567528372619923,-0.7755318454843543,-2.1391788574963058,-1.2217257910652357,-6.339181158388726,-6.044459351577986,-2.201519912773256,-3.785667635961304,-1.5643210787834334,-2.9730983881896695
63,-1.6211249719112544,-1.00062218831999,-1.275165399119692,-4.739035188818429,-2.552880098409701,-1.6656669995157927,-2.3031433274838395,-1.0246105474934506,-0.8383901139929638,-1.3154664148822408,-1.6466692100999456,-1.0483043472202085,-1.9167778455708535,-1.912752428982512,-3.6100067332466876,-0.27873894660934184,-0.9820616068264905,-0.34063596024553155,-2.0140882510138267,-0.4947132860137321,-0.8892692128488477,-3.3708797448833936,-1.8614242467586948,-3.4569628163511315,-2.802170250612608,-1.3434326124635405,-1.0194950455889529,-1.5027467322970876
64,-3.6450415681395842,-5.793226570124858,-2.5834999012834627,-3.5712621826478297,-4.229655962958393,-6.145574293936395,-3.5583197285949177,-1.5943614445629826,1.828983404940232,-1.3656250452792027,0.31974167401604225,-2.535989448640368,-1.2725046951010028,-2.4386976274210026,-1.5125361831640656,-2.3433857166213734,-1.5168901484286672,-3.5810069757023815,-1.6528756395733009,0.3646886743389228,-2.0720704570200303,0.09398982472380624,-1.903379572629265,-3.9593792232018052,-4.470816749936347,-3.5581722093528745,-3.432956658087473,-1.8368757430781346
65,-1.011582688073598,-6.650318351250469,-2.9125971948330203,-7.169236140308939,-1.6133576271301802,-2.7473045553396935,-3.505052028591618,0.25543989908752307,-3.1520506662494694,-1.4635569183479327,-2.816885306516529,-1.803276394957701,-4.004127741079871,-6.188701666578956,-1.0418091615844722,-1.3510736575869478,-1.5732640002686455,-1.5141155369701342,-3.2436586244766588,-0.2815075614507109,-1.2141069129373787,-3.5466600540885675,-2.883214913360579,-1.7898881373864417,-4.876709627897814,-3.2938858805647384,-1.4262513761650042,-2.9497237029744
66,-2.2305964885170257,-2.896014288600648,-2.445533379672164,-3.9852758963606147,-1.7945513113075118,-1.818422579163488,-1.7404385582678037,0.007246478714148408,-0.9586855259688647,-1.6728020014584168,-1.0695908223775366,-2.571544361184345,-2.297902418990187,-1.6695398569170745,-3.259637171226304,-1.3008725579440128,-0.5670507340763915,-0.7628091913940576,-2.4192241940427257,-0.27925924100414834,-0.5059803597964184,-2.520523528380015,-1.5557372217537695,-3.0383100333026665,-2.2490437968530554,-2.172689892670153,-1.171154079832259,-1.1303683102136066
67,-1.1334001264392977,-5.839707292787138,-2.9757658525734487,-6.809360222345806,-4.00804562852966,-3.065172264840513,-4.984487019942499,1.4181461891260987,-4.447257803695798,0.32261607615060517,-0.47870611021083925,-3.8935312363182053,-2.9098252887069562,-2.1467291466494167,-5.166997621403303,-0.8319829492427103,-1.815808117278017,-2.8028392106469786,-1.712875829761396,-1.4607562068884172,1.5272343394715968,-0.2338208617539781,-5.603198456793904,-3.299922601413692,-3.8364148070119075,-1.668730656201149,-3.026766312090987,-0.46068408296981356
68,-4.466008630250328,-7.713257412838107,-2.790943875493768,-4.956421608451076,-1.3957097574418247,-3.9399225867088075,-1.311215864263106,0.9831057715222522,-2.65955127270923,-1.958298360179877,-2.2321607871932487,-1.837182195994381,-2.314199218839546,-4.570716976547644,-6.2466812722584635,0.9265637915324108,-3.124403419871526,-0.8427403816053356,-5.802600216085862,-2.41810914787607,-3.729924636196042,-2.888702737038126,-5.426983833386435,-3.97722200366633,-4.815933395441701,0.695750950030261,-3.4457854511610373,-1.985670917931758
69,-1.9017249841988182,-5.966084077503597,-6.280526129535968,-3.6760014695018355,-4.700480583442951,-3.50471432222241,-3.2532699432439856,-1.2998997113392847,-3.051466236364629,-4.252801759797543,1.0759947442831854,-1.4657223728269555,-2.520723252052623,-4.49365975679393,-6.29569198041312,1.017199209648122,-2.133369037547497,-0.6787500689986972,-3.4966389739093984,-2.849579735531753,-1.4983460239878417,-2.5984298458440342,-3.627062197468171,-1.866927967410875,-4.445360453629068,1.8642949027580569,-2.7559235681639516,1.209511338888162
70,-3.147151278800308,-4.216295133797822,-1.1011243108684452,-4.665474935743736,-2.444797261823509,-2.4372123556578735,-1.3209127937394591,-0.9506341361228635,-3.6243624030742003,-1.1825546445132418,-1.286743407643204,-1.1456916735383227,-0.9486790527860394,-1.694340500437013,-4.551825245721573,0.08630971471383142,-0.784570507582381,-1.5479419175622797,-2.9078690848775115,-1.6005549654770805,-0.10125526502489657,-1.7607549594218042,-1.540878292542486,-2.341164678594021,-2.9527618624070624,-1.8952130022502387,-2.8907786409702583,0.5497348839493665
71,-1.0434470738912789,-2.2919791819716337,-1.6340476422436792,-4.554152118460807,-1.4814208313197028,-2.0491731173898975,-0.6295097271409391,-0.6808413906952768,-1.5479151472109485,-0.1772190950427448,-1.1137626951841502,-1.607449386095412,-0.8263775560895856,-1.1483040602233814,-2.602601422012764,-0.6600929572295477,-1.5857003367487854,-0.9400906979841221,-1.4357084950808825,-1.2303834884416955,-1.6592435938292824,-2.633674755258282,-2.4884704749945445,-1.8592813297498683,-2.6863365728741906,-1.6674806428158253,-1.9259555110693714,-1.161738862482276
72,-3.5212775439826323,-3.104255795757353,-1.3695601677156115,-4.407847899092554,-2.02086453716952,-2.12493678046613,-0.9038313191735908,-1.8856736047087217,-2.2754494931066778,-1.2230927649354093,-0.32873183695328156,-1.4136914933651357,-1.5697157986435903,-1.9335532821722738,-4.100103465121595,-0.8931169015642224,-1.0278739289369616,0.27997761815249866,-1.6440197042592146,-0.9474082143525109,-0.9906837462830447,-1.023414694838737,-3.1587918310130583,-2.2962498881712716,-2.9812343954705094,-1.9669658484553416,-1.1657389568236745,-0.17424610230838877
73,-1.5361930867312268,-3.08489042852644,-3.4020484619658475,-2.245329979927661,-1.878709933101988,-3.6411964134708876,-3.89141372460337,0.6297946245071027,-2.1330017703879185,-1.5855306015043176,-1.076990840385257,-3.0830706204686593,1.4635816490022293,-3.8647402362480747,-4.605258927718429,1.824564132089557,0.4377820555339753,0.31911147138999274,-4.02200051298512,-3.6945658431274757,-1.485460912566955,-1.9312659613373433,-5.115325837085119,-4.866406734644833,-2.695663966634208,-3.30575508002442,-3.459911512432104,-0.3932430777433913
74,-2.089714052459951,-2.87916646369463,-3.501275461262405,-4.66551703779614,-1.7419238774943173,-1.1435977998862512,-1.401324965814183,-0.8037478795512021,-0.10175171703481234,-0.22118559281718453,0.026198444919653063,-0.764404911371783,-2.035686255085946,-1.9977678064520334,-4.657554836145509,-1.1484680521762896,-1.6461706643749499,-2.0993542163494685,-2.711140786622887,-1.4897560170039479,-0.9362780932882386,-3.373527991598494,-3.4641893362757346,-1.8032267568902351,-2.3854031444007147,-0.6318781905354084,-1.5821354607062104,-0.33060897687671775
75,-2.4798023247003407,-8.258762241150247,-3.853589589726779,-3.6581205596243924,-2.5008957924047763,-3.6954118848329154,-0.6012467198079232,-3.1329113245882247,-2.353381949543327,-3.003422361790606,0.4903800525173244,-4.336326360139605,-3.59636337341776,-4.833619892335744,-5.541530217409469,-1.6464317751375768,0.49502976052863,-2.8633445689412014,-1.7960773876330953,1.3941291114869445,-1.2920352652913714,-3.3615957309415947,-4.7363903435069545,-5.893981489963028,-4.896141712283447,-2.057784868008223,0.009202365410907909,0.059028120093170156
