,0,1,2,3,4,5,6,7,8,9,10,11,12,13,14,15,16,17,18,19,20,21,22,23,24,25,26,27,28,29,30,31,32,33,34,35,36
0,-1.46257144343,-2.30899659541,-1.31190212618,-2.58405531697,-2.09841323826,-6.14596631851,-7.02816538658,-5.05510992325,-3.0255035041,-3.83203269236,-4.80792113228,-5.81720235759,-4.98934456616,-2.1698628782,-4.91748144325,-4.38401625709,-3.75539782735,-3.42795069855,-1.28328100235,-0.860412094217,-1.24336877242,-1.40536661405,-1.21268736663,-1.73857734385,-1.22203128076,-1.37042697575,-1.71167265028,-1.08140361703,-2.57558530767,-1.66100741458,-2.35510161286,-3.53128216893,-1.64200799233,-1.69714913251,-1.38716657271,-2.05856890381,-1.60620107917
1,-1.43891787689,-2.28378336866,-1.28060657607,-2.66918775009,-1.98798196439,-6.11556404151,-6.98865049467,-5.33003780804,-3.22366396084,-4.11336682306,-4.38661080932,-5.74664878056,-5.09402085786,-1.92522566005,-5.01905745839,-3.5171214745,-3.84721493345,-3.23713865689,-1.30002267112,-0.865068810213,-1.3171710023,-1.41216857051,-1.20973200003,-1.75467306148,-1.25436498776,-1.35190441706,-1.72687994135,-1.07599741017,-2.22910721506,-1.65634542482,-2.55247685711,-2.99307324828,-1.71011778042,-1.69149604937,-1.43375957194,-2.09224920068,-1.64040279645
2,-1.45119739248,-2.27209601401,-1.31224076261,-2.38141019287,-1.92065504904,-6.05227838318,-7.08826995528,-5.42595845339,-2.78644020092,-3.76365988063,-5.02355972619,-5.99531626243,-5.28188468019,-1.80418329508,-4.98051577519,-3.87601836927,-3.84430552558,-3.68057241362,-1.29390990609,-0.844378494126,-1.26909581452,-1.39551872794,-1.22704407043,-1.70938728624,-1.26792825743,-1.3761788684,-1.76501124492,-1.10122942188,-2.34371297523,-1.64949399407,-2.13214360825,-3.19319204461,-1.74228510564,-1.68537367171,-1.42491280686,-1.99281989825,-1.65965851643
3,-1.50754661442,-2.35644878671,-1.30215037721,-2.79412341791,-2.19360454315,-6.16659130155,-7.01835842274,-4.99829035838,-3.25941718107,-3.72242934916,-4.65398020792,-5.82703033562,-5.18264545941,-1.9671273614,-4.66661666183,-4.29132207149,-3.94698011359,-3.23283598034,-1.33696043989,-0.849725094335,-1.23522255515,-1.39662968851,-1.22159206479,-1.89619884296,-1.24848249334,-1.37369599878,-1.66665272831,-1.09087846536,-2.35170724537,-1.69104907033,-2.33873687092,-3.09216760861,-1.67406860891,-1.70788306449,-1.39532586948,-2.01221199544,-1.62088977698
4,-2.89096440647,-3.68363299071,-2.38356655212,-4.24202630886,-4.38640314406,-6.37932222787,-6.99534298548,-6.50067322088,-5.42907503599,-5.45850401386,-5.58955477113,-6.5802376753,-5.51409187688,-3.50085719866,-6.23365276414,-4.95109308807,-4.95596391156,-4.9983927451,-2.03038221424,-1.06013725137,-2.34692525148,-3.0910923806,-2.47305604995,-3.11051283252,-2.3030378351,-2.50376213873,-3.49851117014,-1.80167302904,-3.89248370985,-3.56243040959,-4.07112785671,-4.55450264264,-3.04913363401,-3.53829257048,-2.93348701764,-4.19131178667,-3.78887132114
5,-2.98476100798,-3.55882381437,-2.42159853265,-4.58984196075,-4.09810091215,-6.15943687876,-7.02372608845,-6.63972749649,-5.57591123187,-5.56516389392,-5.4881007132,-6.56998102129,-5.42040154139,-3.90585635676,-6.25214272541,-4.83554300387,-5.11573733629,-4.73255524448,-1.99440721681,-1.06460932408,-2.060601848,-3.25183175198,-2.47282435719,-3.06626628055,-2.34001523283,-2.2846341602,-3.3677713268,-1.89441610651,-3.94216766405,-3.9300658835,-4.02026082641,-4.60458772612,-3.2286728421,-3.8495589628,-2.66044464958,-3.96989995336,-3.91282990486
6,-1.48040265416,-2.62944757324,-1.31251311734,-2.74583702531,-1.88845332929,-6.043563287,-7.07186696235,-5.01744461936,-3.12013598894,-3.45279758474,-4.51676362571,-5.79792282845,-4.8625027911,-2.04793293415,-4.75253898015,-4.04719009514,-3.9290379299,-3.12653561881,-1.30274820973,-0.860608013918,-1.26255653951,-1.38340254243,-1.22092609563,-1.78716886903,-1.25182418235,-1.36073908568,-1.62414060503,-1.06421528066,-2.04440063238,-1.67034166217,-2.074702203,-3.04567587668,-1.70344994268,-1.7013816738,-1.39165295485,-2.03504006565,-1.63902077952
7,-2.78660258811,-3.59707063576,-2.52233033927,-4.59076000971,-4.26922311418,-6.20889325669,-7.01860272149,-6.55363221766,-5.40108718508,-5.50156189334,-5.50568909761,-6.58469044931,-5.237400985,-3.80678700246,-6.41940516893,-4.90509327506,-5.27722179317,-4.77695892769,-2.35671527334,-1.24675770319,-2.50809350829,-2.92078189688,-2.67108681274,-2.62834993163,-2.18751364487,-2.29546792643,-3.40078107918,-1.93856804387,-4.05213220598,-3.85033450825,-4.5307547647,-4.19483313644,-3.14606483514,-3.68963967958,-2.48684648656,-4.12339288327,-3.39727480425
8,-1.45182833762,-2.46113045903,-1.2638525302,-2.62198179127,-2.09942505398,-5.90332623442,-7.05405059178,-5.24718683153,-3.32107857479,-3.66072775469,-4.2125914933,-5.75829446037,-5.09926209686,-1.97830815888,-4.65490720022,-3.93111324371,-3.67826274479,-3.49360769505,-1.26678092344,-0.848193614806,-1.23106261848,-1.39172007375,-1.21961483702,-1.8015799291,-1.28088683292,-1.38100812628,-1.73677962419,-1.09741118467,-2.40808619981,-1.66204837071,-2.20855232411,-3.10705756944,-1.69956112666,-1.70458777031,-1.38772915932,-2.02193087092,-1.64932181699
9,-1.45608321576,-2.18114995128,-1.28381284023,-2.55702411766,-2.1435929598,-6.22244865514,-7.04813490943,-5.24882325336,-2.86413730884,-3.12142843933,-4.42990652879,-5.61431278809,-5.10927721772,-2.24970734206,-4.7690010318,-4.2271295078,-3.56289213448,-3.3801713824,-1.27404698848,-0.854289838162,-1.24001009319,-1.37234861407,-1.22658390089,-1.81510304323,-1.23892890904,-1.37416280229,-1.54954652739,-1.08812644001,-2.56741520436,-1.67901698498,-2.25162066806,-3.16695565249,-1.73375576486,-1.70803574667,-1.41445139644,-2.02326325286,-1.64598549265
10,-2.70397033853,-3.76202377284,-2.48540552222,-4.38689316898,-4.53643105881,-6.47763254382,-6.92397112573,-6.3018912228,-5.60889851178,-5.5927005225,-5.46982363943,-6.63627177234,-5.23655611558,-3.80972612879,-6.19777279849,-5.09075984627,-4.92748450621,-5.00569777605,-2.24473459709,-1.25914800692,-1.9291594173,-3.03132546845,-2.56403795747,-2.97256040639,-2.18909880126,-2.62437006735,-3.72806355628,-1.81165895722,-3.90622719654,-3.8526706978,-4.42261202443,-4.53632117857,-2.94740696148,-3.6343715676,-2.53206105336,-3.76279165131,-3.75464172124
11,-2.54763243039,-3.65924760873,-2.28612722067,-4.736798633,-4.48449826306,-6.31876373501,-7.09150965012,-6.38837182975,-5.41185362243,-5.49283863168,-5.51072150311,-6.54460817601,-5.44716086905,-3.97672986161,-6.19042157285,-4.96274168117,-5.10814793458,-4.79864090778,-2.02377801479,-1.36621187896,-2.22783610022,-3.23057052746,-2.72019561761,-2.65196823142,-2.2018979055,-2.79269842112,-3.40195490142,-1.75825994815,-4.07948708124,-3.98735476135,-4.2911858737,-4.52810604242,-2.9476814697,-4.16715617418,-2.57942083444,-4.08273180523,-3.58939584573
12,-1.44475095497,-2.44931083643,-1.26810562741,-2.77379120755,-1.91552338442,-5.83024030794,-7.08044767981,-5.04885280807,-2.85510822807,-3.54923890851,-4.57265751736,-5.98906704556,-5.03932531566,-1.888514677,-4.74366956511,-3.68098863758,-3.94792479409,-3.67865345353,-1.32230142106,-0.84429191091,-1.25710243997,-1.3735410445,-1.22009858648,-1.71900345356,-1.26270843915,-1.37485688226,-1.70964967636,-1.10270458264,-2.50252855068,-1.65908105383,-2.29675693472,-3.01673985134,-1.72934864076,-1.6669536933,-1.41432845581,-1.95087142365,-1.61160833802
13,-2.30683711698,-3.51872310843,-2.55747018649,-4.6411302953,-4.34086536729,-6.45672368429,-6.89937345482,-6.36414411432,-5.68151337341,-5.6009192509,-5.42832717154,-6.5740211331,-5.38184523315,-4.01004930576,-6.3039721173,-4.78684724328,-5.10397498316,-4.94593384322,-2.11691276479,-0.959011523721,-2.04105527975,-3.18272767953,-2.67981835723,-2.5459784351,-2.06277725894,-2.65213896831,-3.24573880858,-1.79887919247,-3.70480959023,-3.69780236833,-4.06656627498,-4.32690558068,-2.96296611275,-3.88407011568,-2.86781099231,-4.0805752635,-3.52633715133
14,-1.47642891816,-2.39035624709,-1.2915054729,-2.78617067796,-2.25676108945,-6.29622539756,-7.00457041438,-4.98451113587,-2.91223876823,-3.96218166678,-4.72821463334,-6.2002501606,-5.05812915731,-2.1713500356,-4.46617083705,-3.88061004447,-3.75776386425,-3.67758877971,-1.30691330811,-0.855514926577,-1.29490712031,-1.40020120353,-1.2235774624,-1.78796006911,-1.27264186467,-1.39313014671,-1.86339279428,-1.10380921721,-2.31401213162,-1.66263551981,-2.38534915003,-3.33374580495,-1.69514549572,-1.69082120834,-1.37477771708,-2.10733721387,-1.62057214449
15,-1.44224132193,-2.41485479174,-1.29030342356,-3.04460738754,-1.95792640095,-6.17248462496,-7.08159048325,-5.38919763944,-2.90823985034,-3.55625273289,-4.62218484226,-6.27228941602,-4.78982862066,-2.02106685263,-4.69872547077,-4.00702071698,-3.53913764738,-3.26571616666,-1.3166347129,-0.873043364445,-1.26508438301,-1.3924444583,-1.21508354271,-1.80324822296,-1.2625541382,-1.38833278283,-1.69381590722,-1.06572311208,-2.18461478237,-1.6685399934,-2.37611852405,-2.93251913193,-1.73143594985,-1.71011698151,-1.41781007472,-2.0267680503,-1.61368557714
16,-1.45950828885,-2.35511432103,-1.30684714351,-2.71235703195,-2.13671350325,-5.9168387839,-7.01720876233,-5.089980368,-2.99081900311,-3.67054390727,-4.52076892002,-6.21498037077,-5.38369831962,-2.18903334381,-4.60867408642,-4.09059869888,-3.92578628802,-3.34755659029,-1.3049159045,-0.866978843943,-1.34173972452,-1.39125830846,-1.22486879615,-1.86575339479,-1.25806354902,-1.38825285936,-1.58288654298,-1.09168798784,-2.61481062774,-1.63859855252,-2.48725564621,-2.98621565115,-1.78234742521,-1.68743373907,-1.4133525593,-2.19415847041,-1.64833738025
17,-1.47255419665,-2.31112245803,-1.29286983485,-2.72186945795,-2.01685603956,-6.12322911185,-7.0769914557,-5.11350768693,-2.89594998101,-3.68712420888,-4.78279177737,-5.99266683945,-4.97886292647,-2.04605566657,-4.72945284567,-3.95720412941,-3.63972412189,-3.1420034779,-1.28515642008,-0.891393314264,-1.23978819772,-1.39823750253,-1.23014850804,-1.76562929453,-1.26282008464,-1.38027758902,-1.62779197057,-1.10212951773,-2.50651537668,-1.68522415999,-2.29612929416,-3.3029291713,-1.73526113151,-1.65353033498,-1.36754315732,-2.0382021148,-1.6454163275
18,-1.47475900203,-2.48339948958,-1.30688062853,-2.57756503938,-1.98665349187,-6.24680639663,-7.15023022358,-5.50563670544,-3.07671301284,-3.66359354456,-4.65065425322,-5.83495783463,-5.13275715505,-2.02883475327,-5.09370144939,-3.98996869326,-3.98363914615,-3.00139955232,-1.31722957413,-0.869846566637,-1.21917451243,-1.40846007122,-1.22260689224,-1.75231770059,-1.26376714898,-1.37479474792,-1.64786208119,-1.0930164526,-2.1851491842,-1.66848964886,-2.33092385784,-3.32849115196,-1.63299666362,-1.68838840845,-1.41163338324,-1.91270844211,-1.63026083447
19,-1.50352004007,-2.47540807453,-1.29357019865,-2.48521378185,-2.04690411523,-5.65373447331,-6.99675669876,-5.18885810432,-3.35546968535,-3.78880047142,-4.2006856754,-6.26852540778,-4.94074135863,-2.18441678852,-4.57179962527,-4.09216816853,-3.9891395419,-3.62129742007,-1.26668817089,-0.866620162017,-1.23475351976,-1.39058886709,-1.21267813461,-1.92233602675,-1.23811096254,-1.38243712838,-1.65968204802,-1.08369906893,-2.20575382256,-1.66429778329,-2.35262040494,-3.27817478442,-1.77108636332,-1.71484886835,-1.37572202167,-2.01723380581,-1.63225164673
20,-1.45815573781,-2.53833656195,-1.27004046104,-2.86788752436,-2.23648214827,-6.11199737734,-6.9081044878,-4.94918857452,-3.03861565381,-3.97373434344,-4.61004866174,-6.04752574237,-4.85247349761,-1.99224264532,-4.84543046286,-4.04989996945,-4.18588636419,-3.22383100528,-1.28802870972,-0.877039430011,-1.20532905649,-1.39690367283,-1.21973131973,-1.81424233153,-1.2758149639,-1.37356330348,-1.83631342885,-1.0727888141,-2.11042544878,-1.65851541551,-2.18742200609,-2.72810042578,-1.80972695997,-1.67080059991,-1.43338640937,-2.25679825522,-1.66320122466
21,-2.3723519194,-3.92387346249,-2.50280931486,-4.74759256676,-4.21104723021,-6.42226081564,-7.12613888659,-6.59601414348,-5.38849584558,-5.4771682138,-5.51727140404,-6.54597758746,-5.49252868514,-3.5741202787,-6.12110614,-5.07632295517,-5.20219429718,-4.76335912655,-2.10449800599,-1.15028572383,-2.32518312955,-3.06861913552,-2.7446359563,-3.01748861498,-2.16757062832,-2.41705033625,-2.92728944635,-1.74847865997,-4.19127420555,-3.81417600401,-4.2558981839,-4.52838093936,-3.23323121748,-4.07422938507,-2.35837467178,-4.53813735724,-3.8598726532
22,-2.40790599362,-3.74314485462,-2.22563128691,-4.73772351892,-4.50296761729,-6.2624089468,-7.11953679859,-6.40776846277,-5.42156249953,-5.53086730167,-5.27289610423,-6.57829289688,-5.36550956956,-3.75255532648,-6.31124924663,-4.86902685999,-4.98823701857,-4.66615671458,-1.99600151469,-1.18569262381,-2.27375106153,-3.20432086459,-2.43350677974,-2.68512029564,-2.31674514135,-2.79777645668,-3.68582925294,-1.532445085,-3.89334403098,-3.79838268273,-4.21442161063,-4.62882165231,-2.71159981741,-3.83368759491,-2.25729177819,-4.22464511115,-3.66068421876
23,-1.44145113328,-2.32631313538,-1.26982316519,-2.55091853245,-2.00090987857,-5.97358272108,-7.06087551823,-5.30612093569,-3.02376739352,-3.74643150596,-4.74505165587,-5.56137158509,-4.77334518789,-1.86329507543,-4.48491487244,-4.13813903937,-4.06941986625,-3.40746819903,-1.28187632421,-0.867420447004,-1.30739190622,-1.39666708723,-1.2302385412,-1.66806192933,-1.27272544942,-1.41110150509,-1.70012723564,-1.08925794176,-2.37649708712,-1.65373968776,-2.35324618474,-3.22640843921,-1.75260482923,-1.72863994881,-1.41356420394,-2.0562063686,-1.62856461926
24,-1.46626963429,-2.26520169188,-1.32175343097,-2.51212906911,-2.01468562434,-5.86613910775,-7.01558973264,-5.37739043877,-2.94579178551,-3.89216959082,-4.67387535957,-5.87151748454,-5.42875072126,-2.24497672302,-4.7008302324,-4.35471771484,-3.93632399863,-3.31377210134,-1.31550226235,-0.871131807674,-1.27463105523,-1.38460701158,-1.2222210079,-1.83130377672,-1.2686424744,-1.37296735045,-1.59767734745,-1.12324119363,-2.55872638708,-1.66299969069,-2.224808338,-3.25819363407,-1.87716006864,-1.72578549162,-1.42275435544,-2.10813517714,-1.69817304221
25,-2.20319918587,-3.62566704829,-2.23324760453,-4.44345910002,-4.00892757101,-6.33914775885,-7.08651755508,-6.49008698849,-5.39895907263,-5.55602291127,-5.35488191491,-6.55055147088,-5.37076692038,-3.64796076494,-6.22419191217,-5.27992782428,-4.92863565187,-4.84314419454,-1.97241127758,-1.00385740837,-2.09236944195,-2.98813404925,-2.84650273068,-2.7482897747,-1.80904897829,-2.11192860641,-3.39568801655,-1.91606814935,-4.08835380986,-3.73068674147,-4.15832562604,-4.64398256683,-2.99425232318,-4.1794041569,-2.47509229093,-3.91165140308,-4.10592908992
26,-2.42836917752,-3.48773724551,-2.45916964794,-4.45086238462,-4.48707180575,-6.32686143523,-7.04316695725,-6.8149918917,-5.33135906366,-5.63305462498,-5.49290915169,-6.52703746465,-5.43155398525,-3.54016619775,-6.0450123064,-5.28412549202,-5.20683762512,-4.84264673591,-2.02504046753,-1.24956156072,-2.47711479852,-3.05137850901,-2.44227110352,-3.14675234466,-2.23092709666,-2.771955867,-3.45473301601,-2.03418051877,-3.64226411061,-3.73998158054,-4.48788737458,-4.37363908998,-2.76350523075,-3.75467963732,-2.65949988242,-4.1320127474,-3.78746208892
27,-1.45695779219,-2.20252982376,-1.32258177036,-2.90694215413,-2.2225295253,-6.02111620211,-7.02498737908,-5.44621013854,-3.03495128258,-3.97121393034,-4.72611953561,-5.95383643453,-4.94538917531,-2.1112567968,-4.88261345761,-4.22644307304,-3.6518114497,-3.58443498069,-1.31486008428,-0.895010115568,-1.2880733642,-1.38177003574,-1.21057721395,-1.86640618772,-1.26825658889,-1.3786776329,-1.81517148401,-1.09058309354,-2.46124335641,-1.6514195754,-2.12755351747,-2.97349201955,-1.69613060328,-1.70877315175,-1.42278296706,-2.17346796269,-1.6176631516
28,-1.46039806529,-2.40411453186,-1.28602581439,-2.76787883405,-1.95461081877,-6.22834021238,-7.07300685137,-5.44709569759,-2.83383529195,-3.77506930426,-4.48515462056,-5.91424281598,-5.17846183032,-1.87828857374,-4.58031828079,-4.10879429895,-3.90891899223,-3.30142535271,-1.27411573263,-0.862783857357,-1.30661948261,-1.41424086804,-1.2404126226,-1.8392042718,-1.2384117502,-1.3978847128,-1.66594814469,-1.10466439229,-2.26920056396,-1.64828882923,-2.37542154627,-3.36797178514,-1.7592954669,-1.71696249021,-1.41857064068,-2.01553672729,-1.61396184838
29,-1.47053349574,-2.4789508963,-1.2869700616,-2.54534440229,-2.26735985367,-6.08947867542,-6.999130509,-4.58522132823,-2.96960019632,-3.84154124583,-4.55222056082,-5.71695057976,-4.93192888966,-1.92412831589,-4.90971844338,-3.77957823482,-3.60122219127,-3.3260127213,-1.31951256446,-0.869863316261,-1.23717020261,-1.38442103427,-1.22758420675,-1.7841622695,-1.26842037986,-1.38282928927,-1.74048020568,-1.07564261972,-2.14219349595,-1.65124346032,-2.18273648568,-2.96484424046,-1.80991609638,-1.71779032576,-1.40118381243,-1.86516725796,-1.58819694447
30,-1.46262929212,-2.45848176383,-1.29849962961,-2.87127058784,-2.09039463343,-5.82078811042,-6.99390955547,-5.46032715524,-3.12651041603,-3.48832265827,-4.88737266371,-6.23549098945,-5.02267939773,-2.10154616214,-4.68092487906,-3.76756236505,-3.82926837707,-3.42588575606,-1.3017127393,-0.866475255935,-1.24912843724,-1.38189673574,-1.23742891486,-1.72673467205,-1.2717510063,-1.34455487169,-1.66857762592,-1.12104741901,-2.24083759267,-1.68188042217,-2.40469977293,-2.94903769984,-1.65557434788,-1.71271666571,-1.42812286334,-2.00959594143,-1.631457704
31,-3.05710898198,-3.67739007142,-2.15225727715,-4.71668244119,-4.35113724545,-6.35599291177,-6.98620082805,-6.64828210585,-5.52610473766,-5.40673849819,-5.30417606921,-6.55395334562,-5.25801083252,-3.85163516106,-6.06583357148,-5.04893332035,-4.88697100789,-4.96551534355,-1.79963442552,-1.03819059766,-2.31384678571,-3.00452754757,-2.60273250019,-2.84881012786,-2.27481958915,-2.72220309204,-3.404336784,-1.86540391491,-3.48923562759,-3.68996215329,-4.13854877027,-4.35150474902,-2.93378618552,-3.85738596212,-3.01969046945,-4.07164957183,-3.98225790886
32,-2.60738316151,-3.72883143252,-2.59046585057,-4.5159658665,-4.58605211409,-6.36502086328,-6.99107253626,-6.47518668389,-5.60654191572,-5.5546935529,-5.54197368519,-6.53961162865,-5.22006390131,-3.95009776951,-6.0198752672,-4.90920154868,-5.05636562643,-4.90788226575,-2.33099908837,-1.16236196974,-2.0785550775,-3.41963047937,-2.58032175451,-2.79595386831,-2.16240220198,-2.40995345743,-3.49743379709,-1.87266066505,-3.59742895574,-3.62236726547,-4.23972141636,-4.35316508214,-3.13108059602,-3.99643411517,-2.7533876016,-4.0543675704,-4.05121463207
33,-2.77064207886,-3.43031427544,-2.05994475078,-4.70082541589,-4.2848719969,-6.34680783032,-7.08186815517,-6.66304734511,-5.62493903317,-5.67568840439,-5.48778813168,-6.58652151367,-5.42716960783,-3.74693897058,-6.2070738464,-5.35693192311,-5.08423526959,-4.86401130456,-2.18767625342,-1.13707805988,-2.2681968475,-3.07680681065,-2.52906330831,-2.86990575736,-2.11721633384,-2.30705178905,-3.19519311464,-1.72904100358,-3.59413256635,-3.7317109207,-4.49826677333,-4.60118927801,-2.7617946778,-3.94812853583,-2.84695507588,-3.86020142994,-3.48245897819
34,-2.68473326289,-3.58847807009,-2.47173729832,-4.39747850682,-4.02478826194,-6.09126475245,-7.0227320898,-6.65254306978,-5.49807196542,-5.74108235607,-5.6073394985,-6.56763244595,-5.00180984692,-4.15436580072,-6.0590421755,-5.03337516166,-5.35004023308,-4.77279042958,-1.95021966841,-1.21939996964,-2.33535183235,-3.18155971384,-2.38025986862,-2.83265793037,-2.26444041987,-2.7441733987,-3.49055714437,-1.85345461908,-3.74726201565,-4.01961779365,-4.02789528943,-4.33447966487,-2.83206218021,-3.5273105681,-2.65974422571,-4.46207872173,-3.32464164726
35,-2.65918218962,-3.59210085175,-2.6284243573,-4.5323311753,-4.32225416329,-6.2658949496,-6.95433292651,-6.75452578004,-5.52115424558,-5.59104803702,-5.18735697461,-6.58042042107,-5.32917956755,-3.50322267703,-6.01138592134,-4.74118290746,-5.00817836534,-4.71949158661,-2.48730922903,-1.15729312483,-2.21431641605,-3.19551904484,-2.63951054124,-2.83686060966,-2.28205030151,-2.59776425818,-3.71161464648,-2.00162924204,-4.03127846827,-3.20544560812,-4.12974634474,-4.77346624052,-2.95055703139,-4.05393482948,-2.73616113523,-3.79650908444,-3.54275220658
36,-2.65699899385,-3.747780638,-2.66854315456,-4.68833982322,-4.39147801631,-5.93081225544,-7.11371891949,-6.79793063448,-5.23260296757,-5.69037465736,-5.3916164049,-6.56642947006,-5.13960380258,-3.7393764466,-6.27362761653,-5.30508446965,-5.0249034154,-4.86310302519,-2.02981937632,-0.78698529521,-2.04603459779,-3.23532474126,-2.1801236103,-2.86414084446,-2.41141992376,-2.30082529613,-3.6279243584,-1.85716905853,-3.98221777337,-4.13989691755,-4.79889989468,-4.47424323076,-3.07243774452,-3.69368020948,-2.42064400088,-4.2036824429,-3.50753052444
37,-2.42654714587,-3.86519024162,-2.40648451386,-4.53735385811,-4.46752230621,-6.21850663299,-7.08731067702,-6.84842709651,-5.51106001116,-5.69699681165,-5.38159824048,-6.58168514833,-5.23264438664,-4.06376167353,-6.4919986871,-5.2271423496,-4.92389119456,-4.80045319253,-1.8938238969,-1.04017969205,-2.33973805414,-2.80551135694,-2.50891212529,-2.74758273418,-2.48189650397,-2.43865852287,-3.64555706745,-1.8635896313,-3.8013972125,-3.91583530352,-4.15518573455,-4.30656089176,-2.65282214954,-4.22339614611,-2.81396064218,-4.09599573628,-3.62593783662
38,-2.55747833814,-3.56691979289,-2.42701994183,-4.64246887596,-4.32747379149,-6.19263594189,-7.02730545698,-6.76624505565,-5.48024054288,-5.58670079135,-5.49412737524,-6.57599063999,-5.47320106354,-3.41407350522,-6.2408150606,-5.13477882207,-4.92679900408,-4.94306982191,-2.2553591741,-0.809560451256,-2.35628624843,-2.94262280057,-2.61820830841,-2.86103683828,-2.19532704371,-2.41317503862,-3.53639102452,-1.60868908972,-3.69832720337,-3.90148683447,-4.62333288949,-4.47538303605,-3.08420475376,-3.57633445033,-2.0013639207,-3.92905869255,-3.40346420061
39,-2.38568445064,-3.35576886614,-2.38159546648,-4.54678987764,-4.15127445382,-6.34375095079,-6.95383027059,-6.64353252078,-5.45754540826,-5.576496403,-5.41229956553,-6.59981479178,-5.36163427691,-3.64117452243,-6.24642880441,-4.91063664268,-4.95820859737,-4.86335168741,-2.22362976982,-1.04848330759,-2.47710276026,-2.879353186,-2.62786502161,-3.23770394905,-2.35637772555,-2.21672995354,-3.42645401524,-1.98107582887,-3.84691264646,-3.69627618575,-4.20118163504,-4.52616166123,-2.92404683097,-3.85369590604,-3.03790807709,-4.21024407787,-3.96827251741
40,-2.70078334595,-3.84782683478,-2.47437015227,-4.63743294504,-4.27045825556,-6.25966796077,-6.91899103702,-6.58188078338,-5.49720875611,-5.63176552799,-5.50115261759,-6.57991084887,-5.05424328401,-3.60910777634,-6.23026951842,-5.06037064191,-4.97517455913,-4.60004605198,-2.26257988202,-1.31125017393,-2.27704945895,-3.07016265407,-2.56414501683,-2.64123733108,-2.3331531419,-2.31382986269,-3.34436404779,-1.91776869906,-3.80086435759,-4.06150567637,-4.26509538949,-4.70131720475,-2.96289941844,-4.0416831209,-2.67464339182,-3.75853727998,-3.69110495107
41,-1.46537810923,-2.28091501959,-1.3015450631,-3.00781015991,-1.97313984429,-5.93865474452,-7.08159050466,-5.14015591326,-3.10245709348,-3.68253366797,-4.49214639033,-5.87968999927,-5.18589250846,-2.00530966813,-4.74470814368,-3.75190819131,-4.16790883025,-3.54326384449,-1.3110916542,-0.870075337785,-1.27308584151,-1.39251605233,-1.22342019463,-1.87607075091,-1.27164876437,-1.37279069063,-1.75446140008,-1.09766111883,-2.44348500628,-1.7057216991,-2.12089530617,-3.12778060849,-1.86053642381,-1.68845486149,-1.38687211861,-2.03234493413,-1.65682566541
42,-2.95138793282,-3.60798260027,-2.31123181269,-4.29939395244,-4.23934404162,-6.18667711222,-6.91972074229,-6.81906661637,-5.2859512091,-5.62016681712,-5.38139329711,-6.60402723079,-5.30999638955,-3.64773555855,-6.38814617941,-4.93284181016,-5.07603400928,-4.74675254486,-2.03072338458,-1.13065572241,-2.22608759667,-3.08828360062,-2.4900266335,-3.01943329292,-2.24581555619,-2.44101232907,-3.59000096418,-1.57180240808,-3.99240801752,-3.71133165744,-4.16051195107,-4.44179364319,-2.8574176453,-3.77911770485,-2.65160182343,-4.01751697055,-3.51495167523
43,-1.46342025131,-2.16088380418,-1.30727165572,-2.62427817472,-2.19781131642,-5.94454956823,-7.01479974666,-5.1113886479,-3.15201126848,-3.82669065958,-4.52717172105,-6.30810922681,-5.15031279083,-2.05333192915,-4.64829878039,-3.75704803721,-3.72166580394,-3.66085684036,-1.3026215445,-0.887216539655,-1.25928569321,-1.40552473425,-1.23194548328,-1.69718772155,-1.26948145216,-1.37089668474,-1.70292390199,-1.07777376494,-2.29564108352,-1.68607573729,-2.51250243335,-3.1208828597,-1.66399475826,-1.65950662601,-1.39714009179,-2.02927105376,-1.63070505742
44,-2.35291619484,-3.68287723214,-2.32122244118,-4.4815690778,-4.37620408876,-6.11197168212,-7.12493410387,-6.75756228536,-5.53560125451,-5.49431885036,-5.57396298406,-6.52414521857,-5.18949902088,-3.55521906626,-6.15589942889,-5.10688738238,-4.9447434738,-4.63136185712,-2.40145190756,-1.39984114273,-1.97060663387,-2.98181079179,-2.25121206589,-2.68980107869,-2.1229615546,-2.72450719628,-3.74182929441,-1.77391090736,-3.86252072775,-4.20485155835,-4.67953836789,-4.60354593319,-2.84263577554,-3.75732444021,-2.45680105374,-3.8157185237,-3.75441367796
45,-1.48121866468,-2.41648519712,-1.29153749122,-2.74235227922,-2.09795531775,-6.07122225815,-7.02958250508,-5.45629040849,-2.87814443808,-3.38018366289,-4.31085692109,-6.00922338017,-5.04064677635,-2.04896764775,-4.90364428709,-3.92920802571,-3.89807489089,-3.3058753065,-1.28340324991,-0.881713777663,-1.26285014214,-1.41184555082,-1.20756679198,-1.76009806062,-1.26499236513,-1.38068068825,-1.73487766318,-1.08071529267,-2.4388208159,-1.70266774939,-2.15296977732,-3.24213777557,-1.70842708219,-1.64914742674,-1.43204116429,-1.96088266782,-1.59799800558
46,-2.47025680647,-3.44654467684,-2.29044952469,-4.48493639107,-4.18549458564,-5.99251621884,-7.11940216041,-6.64230323842,-5.49025186142,-5.65793318741,-5.56628639803,-6.60279489239,-5.25277496427,-3.69171994838,-6.19123172925,-5.00748229049,-4.76993933117,-4.88649447378,-2.04474344853,-1.29869885211,-2.28774265115,-2.98605840191,-2.38850440979,-2.84735156522,-2.33250616763,-2.90470982411,-3.48137407031,-1.98270436832,-3.84157910751,-3.58469508219,-4.57009776279,-4.720740605,-2.80254731296,-3.75421234595,-2.55976694307,-4.03162831695,-3.63001063066
47,-2.32767973824,-3.5467820382,-2.45701195961,-4.76444961237,-4.46892821632,-6.32544068106,-6.98662728668,-6.64803306152,-5.38060513894,-5.51679537352,-5.29552368386,-6.58074149166,-5.20105667149,-3.66030601132,-6.16886217391,-5.11965890358,-5.17849383293,-4.90498216581,-2.36882753978,-1.10449282045,-2.30264049384,-3.06630303257,-2.54229145411,-2.89986928042,-2.34428499713,-2.18985084359,-3.61015638484,-1.75912843616,-4.20488902194,-3.66980023345,-4.07503550879,-4.74948647265,-3.13614433165,-3.62674953388,-2.67602377608,-4.13826994952,-3.44853232498
48,-2.75859548389,-3.55457974207,-2.54345200913,-4.44208885863,-3.98920276359,-6.12393463889,-7.01883810038,-6.5540086247,-5.37096335877,-5.70809408443,-5.48004821912,-6.59478148941,-5.2232022726,-3.78563999054,-6.18508935563,-4.96102453803,-5.17972875938,-4.83309214673,-2.02653244309,-1.06536707971,-2.37657893091,-2.85892652617,-2.66135368143,-2.73760912902,-2.19623483817,-2.24858489586,-3.32062786389,-2.034015418,-3.91237565935,-3.91412717916,-4.34745694917,-4.53268732367,-3.22101105676,-3.98329722381,-2.72541778481,-3.83306901769,-3.43791327579
49,-1.48594232263,-2.391457193,-1.25814408691,-2.75449142245,-1.93266471768,-5.9644188101,-7.1468671526,-4.37568232784,-3.14696032487,-3.61857475578,-4.99691303524,-6.22706947432,-5.11703940772,-1.93803478807,-4.7927287578,-3.98059978266,-3.8635758606,-3.54089372891,-1.28958128015,-0.842592860346,-1.23160886584,-1.39067779183,-1.23247034689,-1.66610735976,-1.26587217055,-1.37127417334,-1.65871701664,-1.09999486742,-2.24865105522,-1.68348028794,-2.36828316628,-3.34070927072,-1.77813905647,-1.69221708649,-1.42714444878,-2.04327326975,-1.68522008254
50,-1.46179560887,-2.16074397231,-1.26864328697,-2.91721701295,-2.21661018873,-6.01971983501,-7.06131151692,-5.03448680048,-3.14029377213,-3.97557298723,-4.73321892035,-5.81280304528,-5.14345835323,-1.68724059981,-4.86531843253,-3.88784526835,-3.73422192075,-3.37761630049,-1.30772241734,-0.857509799919,-1.29397096092,-1.38759795993,-1.20016952861,-1.794840175,-1.2452516472,-1.36455376352,-1.73299181134,-1.10979347361,-2.45647632544,-1.62252151502,-2.15532321733,-3.41345307749,-1.71580840628,-1.68792092312,-1.43863739423,-2.00019882893,-1.62299666561
51,-1.46209138037,-2.37075506825,-1.29447508518,-2.56947562396,-1.93277175712,-6.43761041879,-7.03624838488,-5.08591362344,-3.13201345055,-3.78053724917,-4.62538075411,-5.99712913068,-4.63781241337,-1.90143402638,-4.60262936786,-4.04277552324,-3.80648760875,-3.52397097522,-1.31784810668,-0.852285579191,-1.26156530063,-1.40266332461,-1.20752039738,-1.84222558578,-1.23847752026,-1.35982400443,-1.74753352866,-1.07473886175,-2.51418773611,-1.66636027122,-2.0667847481,-3.21026485927,-1.58429821339,-1.6414324002,-1.42071739803,-2.08765150224,-1.65692783068
52,-1.45287944722,-2.31610169686,-1.29344823173,-2.64073910588,-2.04911919107,-6.08271963807,-7.06842717702,-5.11030188403,-3.04890365545,-4.06911663941,-4.70430240581,-6.34255508769,-4.7917138725,-2.06232935926,-4.61965919304,-4.05439592437,-3.69975446888,-3.69124065737,-1.30410398054,-0.877042356443,-1.30309303655,-1.38276563715,-1.21126317899,-1.9318933035,-1.24186197489,-1.36933619917,-1.67024047584,-1.10217606014,-2.41256896084,-1.66598420714,-2.3725653002,-3.26142763372,-1.57095614137,-1.68849128207,-1.39993031775,-2.16253277493,-1.63771810064
53,-2.8266553063,-4.00059963765,-2.47930514068,-4.99269102584,-4.0837069793,-6.13107737607,-7.00650155167,-6.64919024269,-5.45458274792,-5.76028128456,-5.4620002738,-6.56539561991,-5.1301385331,-3.80680700527,-6.31676881634,-4.88722296618,-5.29622588499,-4.99430978554,-1.93902604066,-1.13947245891,-2.23058156771,-2.60165580081,-2.79738956091,-3.17933927937,-2.32151313132,-2.79829124381,-3.34346227306,-1.49233942816,-3.64373835035,-3.62463245178,-4.22555970371,-4.39199861306,-3.14898448661,-3.71883928318,-2.76346651779,-4.10950648868,-3.53306799686
54,-2.55053175408,-4.12851483816,-2.29292239477,-4.62355634657,-4.03965680499,-6.49536046772,-7.10163637962,-6.40767382584,-5.6097927674,-5.54514028757,-5.4597519032,-6.58589990497,-5.16719918427,-3.72784805435,-5.98189257579,-5.07784908313,-5.10400338773,-4.67505418723,-2.05750280165,-0.929291762869,-2.59417525482,-2.90158576453,-2.56292715887,-3.12688158494,-2.47219223093,-2.88280781817,-3.29870337189,-1.90056999963,-4.23044986729,-3.671173762,-4.0616487849,-4.70038268896,-2.80088070521,-3.70210594248,-2.22035623276,-3.64246366879,-3.64607284735
55,-1.46596044127,-2.45403109018,-1.27306737377,-2.50850155694,-2.02692409424,-6.21781089807,-6.96566084437,-5.21822501922,-2.84688057649,-3.57450326061,-4.45856591376,-5.80843898783,-5.08623193995,-2.19615689517,-4.67292060281,-3.97663974627,-3.85210218594,-3.42665636997,-1.3058321623,-0.849193884791,-1.23374436278,-1.41588985111,-1.22202225196,-1.82151040304,-1.25203484958,-1.37067522163,-1.77022987653,-1.08079482358,-2.48979672822,-1.66819567772,-2.38114725681,-3.28563898356,-1.72173868996,-1.68167910877,-1.42884774603,-2.06660662385,-1.65557774249
56,-1.44361620606,-2.49954361146,-1.29907767596,-2.59641501364,-1.9941179035,-6.18056495387,-7.12288633565,-5.31107660201,-3.11912083356,-3.82789780547,-4.42613656973,-5.9539991432,-5.34221429935,-1.98582187571,-4.59790079014,-3.99816249294,-3.79710658369,-3.26807980209,-1.31427214984,-0.864096022907,-1.23626821791,-1.39968978387,-1.23576995295,-1.87035538322,-1.29373334064,-1.35148974098,-1.70788392496,-1.10690894315,-2.44183863357,-1.66811175018,-2.26301515566,-3.32156039112,-1.69161484126,-1.64215923677,-1.42369000072,-2.04874817825,-1.62711332274
57,-1.42515521243,-2.33086045221,-1.28765181002,-2.55263184979,-2.03174962928,-6.12885446864,-7.01150054396,-5.29043963954,-3.14884026172,-3.52510447121,-4.4935323643,-5.85968777358,-5.13866187513,-2.14506623422,-4.4528702089,-3.93551763541,-3.57954818831,-3.55793796392,-1.32576046655,-0.88139739823,-1.28794963884,-1.4007077922,-1.21080703555,-1.84455279116,-1.23439216069,-1.38141181852,-1.67901226264,-1.09372815278,-2.29228347583,-1.62957659143,-2.36997353323,-2.90612283343,-1.81507266564,-1.68313628568,-1.38646278368,-2.09478031807,-1.63155125287
58,-2.78647615761,-4.04160710447,-2.43275926753,-4.37913892818,-4.05380247695,-6.11833220305,-6.96662179265,-6.46457671899,-5.58676663808,-5.63236079393,-5.45343452823,-6.59928092328,-5.33080958053,-3.93352368725,-6.302977872,-5.02148313673,-5.11834986317,-4.65967479615,-2.05597221495,-1.31639081783,-2.17258425971,-2.92654066488,-2.60774063446,-2.43968551716,-2.24608518255,-2.56220892103,-3.2475733676,-1.78592113567,-3.77159165085,-3.59213329111,-4.34712554256,-4.22325169513,-2.56733265299,-3.72640022389,-2.69680591267,-3.993483052,-3.44290079485
59,-2.4252180221,-3.58331865296,-2.39231910728,-4.67972671024,-4.30176454039,-6.14204196626,-6.97320206556,-6.63999775468,-5.57148231921,-5.61331685259,-5.35595750331,-6.57231710018,-5.3975092641,-3.89141054534,-6.18244196887,-4.85588050542,-5.07637792453,-4.52354580857,-1.99629594268,-1.2479393908,-2.09045765573,-2.97472652469,-2.80309738618,-2.74277789972,-2.07392123881,-2.62125640868,-3.51504923079,-1.93467795478,-4.22234748322,-3.72202346973,-4.60224459751,-4.30673634968,-3.08828522224,-3.56229149997,-2.68035693932,-3.67171012265,-3.81064631538
60,-1.4788786024,-2.29191436259,-1.30010462303,-2.51219755476,-2.26257237862,-6.08167504565,-7.03587622023,-5.19110356313,-3.06691715998,-4.21040667653,-4.51191960476,-5.71143595297,-5.31533532201,-1.93272049383,-4.58100151045,-4.14864368684,-4.04376919665,-3.30029186104,-1.29576523831,-0.882305222262,-1.23669912913,-1.40145045799,-1.21099556444,-1.76953396495,-1.28840705874,-1.35780396709,-1.75510529753,-1.10208644435,-2.42630513297,-1.68450759098,-2.50866895053,-3.26142597502,-1.56870562304,-1.73383086437,-1.4089574136,-1.94942664933,-1.6316108442
